Código : 7BE3A
Transmission1.txt ==> 91 veces
2422965 2685365 2896988 3160931 3380838 3567736 4315439 4711991 5669327 6510691 6565770 7469895 8326440 8498075 9854574 15538433 15972516 16952190 20878872 22517017 23310666 28670852 28859739 28860643 29942398 31408920 31448317 32006247 33047738 37736704 38411454 39298835 39594974 40048360 40380654 40632665 40921525 41185274 42347667 42718866 43820502 45275099 47594158 47803128 48689269 51539853 51598503 52420269 53515741 61183187 61568338 62360389 63524271 63871496 63914720 64090879 64571383 64858039 65203134 65794351 66813958 71952992 74149156 74360476 74602147 74779340 74825022 75678895 76344543 77237054 77706761 78940509 79555676 79739668 80703116 81391700 82561868 83503825 83923477 84201744 84755371 85873156 85934832 87259138 88210175 89863858 92223602 94404034 96541677 98912618 99347971 
Transmission2.txt ==> 90 veces
2278317 3282709 4355210 5347661 6558983 7251855 7644461 8696552 9609037 11978115 14192088 15819018 16568154 17639294 17639697 19252230 19445418 19647092 20284583 21120532 22656488 22997360 24490556 26628240 27516122 27631397 27752643 27842844 28218442 30194881 31786486 31832945 34280928 34853673 35035867 35374316 35590269 35603693 35606970 35725264 36293283 36322813 36468661 36536353 37095730 37990030 41640701 42055263 42208102 42626365 48388602 48520270 51343624 52967431 53185815 55405557 56172205 57664073 58569793 59032908 61037081 65037452 67529456 71642567 71807516 72723242 74467340 75178083 75761201 76109328 77183308 77240633 77871418 79721007 79779748 80749193 81059598 82036991 84129897 84223670 88058655 90865697 91178288 96810526 97325395 97375641 98802571 99191046 99839133 99971386 
Transmission3.txt ==> 98 veces
1098709 2167415 2791921 3496589 3780090 5023709 5074935 8275151 11493250 11582698 11908712 12067142 13204190 13321354 15516087 15555805 15913516 16248712 16435061 16481281 17047580 17513401 17614793 17744145 20115184 20357445 20898507 22852564 24609046 27594897 29028169 29051606 29162076 30264483 30448085 30668382 31240628 33565902 35053094 36252599 36433403 36848570 37496026 37673491 38287341 38794012 41104958 41432388 43315908 45009241 45144354 45919689 47418106 48318791 48529419 49430260 50066328 50261403 53894859 54499538 54620457 54785667 55051749 55274339 55378108 55613532 55772277 57872942 58045376 58529604 59418726 61818094 63356823 70996863 71776396 72124526 72353204 72876629 73195018 75314345 75851241 78215536 78663651 79279185 80047205 81355168 83171201 84955091 88496717 88665071 90526420 90849985 95201434 95537090 98996872 99336349 99754672 99874682 
--------------
Código : 336F9
Transmission1.txt ==> 101 veces
97136 386511 1312863 1489025 3301925 4225716 4356722 4358769 5336444 5410894 6512471 6680995 7038250 7983919 11245929 12083796 14345309 14496372 15281324 16417006 18579292 20449665 21044243 22010595 23189554 23222244 25881995 28979278 29706574 30191859 31465136 31754728 31791897 32078402 36690056 38342685 38589639 38952232 39529296 39541092 40579967 42442418 43155619 44090409 45062871 49854020 50277527 51291117 51394565 52062264 52176019 52356798 52366368 52482655 53051188 54304754 54832116 55597594 56188432 57069938 58460546 61321229 62754961 62911349 62948664 63553695 64176243 66490140 69397070 69997727 71753964 72662158 74774128 75100829 75335616 76486118 80153865 80775594 80825462 81966296 82693417 82816236 83736692 83809370 84741020 85456425 85646675 86178347 87119738 87626649 88600064 89592085 91649006 93058611 93302913 93735441 94063556 94474778 94849231 97293420 97899727 
Transmission2.txt ==> 86 veces
759185 2155355 2954895 5375379 5829396 6635458 9896606 11062034 11497281 12121764 12864924 15810624 18184217 18546558 21823403 23403620 23792565 24368704 25557867 26944604 28184412 30925793 31812362 32417975 32929236 33627899 33661450 34010512 37945639 41004912 42660637 43560123 43718682 43972617 45067839 49011160 49885838 51518541 53848960 54915805 55008792 59154707 59821818 61431457 61750361 62692275 63503658 64471783 68682457 68949991 69857760 71222059 71613339 72003922 72535599 73869288 74350306 79146202 79159624 79319635 79494907 80280681 82199049 82633726 83238897 83368700 85498700 85674381 86274098 87055881 88213333 88438113 88533072 89169570 89668220 89771747 90199994 90569544 92124803 92135093 92999251 94182663 94214117 96842001 97630091 98814252 
Transmission3.txt ==> 105 veces
938709 1035046 2341600 2646345 2888719 2989744 4643105 4899764 5800440 7060312 7969756 9046842 9341036 12538382 17152877 17265727 17467870 18750934 19008901 21696201 21957777 23406766 23460549 24339268 24552623 27218545 27755689 27781373 28716893 29435807 31224856 32333656 33632814 34667442 34772691 35715264 35821990 37416113 37905209 37919067 39957817 41846689 43218256 43533861 44870202 46376025 47413784 47470102 49398226 51446926 51530319 51540426 52246105 52339089 53530695 54745155 55978856 58310761 59238997 59556773 61154320 61572871 61594534 61970183 62586561 63193072 64243970 64986802 68250039 70833198 71051560 71474048 77375076 77490866 78146466 79269033 79409463 80692100 80890959 80960086 81421723 83525592 84064660 84923906 85128311 85328591 86782338 88190104 88376141 88671034 88915768 89456100 89532635 89629258 89889823 90507454 91040265 92931255 93023183 93604191 93934012 96670308 98221426 99439822 99678303 
--------------
Código : 8B702F
Transmission1.txt ==> 3 veces
9583768 28239435 63398327 
Transmission2.txt ==> 5 veces
29817174 40738365 49234835 82424943 83689214 
Transmission3.txt ==> 7 veces
12775767 42955094 66119026 75311885 86071884 89844763 93999763 
--------------
Código : 73A2
Transmission1.txt ==> 1520 veces
52234 75528 88267 111653 145291 214689 273891 290594 306573 338963 404476 422329 472426 506314 586568 612985 641841 653434 877429 920265 1174764 1263327 1272457 1288534 1457105 1529053 1604702 1777959 1807704 1813643 1912958 2052684 2062556 2267753 2335303 2393150 2429694 2450220 2483441 2509754 2518240 2554502 2704582 2740457 2763631 2845965 2993900 2996468 3023938 3031803 3079518 3082692 3097011 3129268 3294401 3362276 3646076 3752448 3864127 3949766 3954669 4258966 4297043 4313932 4342086 4468452 4548736 4739744 4744010 4749338 4833594 4888176 4927471 4935893 4953214 5220336 5227478 5250475 5257571 5322808 5339160 5380081 5481786 5539677 5584734 5692860 5842440 5977269 6018212 6191898 6414360 6543586 6637257 6737468 6786979 6856040 6889058 6894534 6913202 6994281 7112610 7209679 7237421 7297072 7327368 7356802 7476216 7559883 7573067 7628800 7884852 7895573 7917440 8364112 8382778 8522043 8590124 8654323 8663099 8733303 8754015 8797297 8820020 8895099 8904857 9081493 9137306 9139643 9193198 9212142 9215879 9248856 9355250 9388196 9466626 9609192 9612216 9783164 9820877 9926785 9987029 10102638 10148351 10200752 10214877 10284501 10362331 10534747 10541659 10608116 10619459 10654493 10779653 10798816 10806470 10920004 10958112 11097721 11186296 11192351 11246299 11280272 11288757 11307714 11437940 11502266 11523261 11563147 11896319 11948885 12166500 12181354 12329790 12339971 12355478 12393934 12424031 12541113 12773153 12877071 12944858 12972923 12979194 12990278 13033122 13060093 13109925 13140174 13171188 13234228 13283932 13300472 13381528 13536145 13553514 13635570 13888356 13914283 13959678 14044382 14130301 14172661 14185074 14352485 14364485 14470470 14479423 14491508 14538218 14565472 14583966 14693992 14759844 14806848 14976267 15036869 15050745 15112447 15257660 15290244 15401060 15408096 15477475 15487021 15529219 15585355 15587731 15595489 15639109 15662855 15689325 15710374 15714733 15762455 15783541 15798895 15824695 15904775 15905342 15984444 16023913 16089482 16143714 16145589 16156034 16186025 16290605 16332996 16562143 16730716 16751439 16846682 16883082 16894191 16927792 16934117 16950826 16955676 17008693 17049753 17052453 17075399 17127768 17181421 17189740 17301050 17368951 17449059 17450179 17488154 17501987 17556980 17565264 17605997 17680912 17918974 17934910 17970219 18005921 18268241 18282725 18308439 18398158 18446078 18447976 18539673 18552973 18651948 18716365 18728462 18754537 18838405 18933937 18953614 18994010 18994519 19035266 19142733 19145320 19202931 19260429 19275732 19278910 19292416 19342738 19413891 19483446 19515840 19681341 19711349 19716251 19743642 19831285 19887522 19904464 19983917 20012220 20092310 20122325 20174866 20209220 20307215 20338930 20365583 20513948 20564766 20592882 20702464 20716234 20755877 20797102 20872954 20878893 21068146 21070599 21086631 21111983 21116194 21118063 21196540 21244762 21322359 21331560 21465014 21473670 21616095 21747217 21956446 21992887 22039057 22080826 22128956 22147014 22166670 22180524 22240430 22263502 22278727 22307100 22399914 22416562 22680771 22882032 22984939 23032326 23038015 23054402 23135127 23205034 23241423 23284748 23449665 23526595 23542285 23547610 23552956 23587347 23591562 23602394 23630515 23800780 23804625 23821431 23882069 24174373 24184653 24196102 24276977 24304735 24327207 24333943 24411593 24454160 24472501 24568423 24675157 24748584 24787984 24800704 24893198 24932585 25047424 25084995 25121678 25183909 25307556 25344547 25357067 25597098 25663433 25675605 25742886 25746620 25910924 25955371 26093098 26129889 26170897 26438951 26483598 26487380 26583270 26716380 26747932 26764092 26872554 26907487 27104928 27141301 27185231 27320214 27365239 27462661 27489965 27504234 27534500 27623772 27717451 27738960 27745228 28029971 28032507 28166076 28288378 28571077 28604207 28678645 28701994 28770053 28776852 28825721 28827427 28964564 29006480 29031187 29044429 29066630 29084087 29119397 29182380 29202573 29215242 29233521 29317584 29466504 29498062 29549091 29737981 29752048 29764081 29787561 29811183 29877475 29966892 30087629 30165027 30421614 30444536 30490354 30578936 30592262 30622867 30736121 30772108 30782313 30791151 30792801 30814519 30885005 31019209 31026931 31144764 31175703 31393793 31490888 31508713 31566848 31588265 31637183 31832133 31859751 31913849 31947011 32145875 32203425 32398857 32496866 32545184 32572461 32630906 32640103 32681848 32717404 32718981 32740126 32758066 32813712 32837548 32858946 32865595 32928714 33075018 33129217 33134620 33216822 33245156 33279210 33284580 33297742 33334364 33395709 33412758 33575019 33590065 33620388 33625912 33804339 33887534 33890173 33927223 33970206 34249475 34490077 34592887 34613902 34650774 34684809 35286122 35377352 35499780 35634781 35674721 35827476 35840451 35933902 35960252 36151850 36306712 36339037 36434959 36601844 36677845 36907356 37052914 37103971 37142063 37203858 37267931 37275309 37285257 37578074 37643692 37746261 37797055 37814733 37828789 37876812 37903765 37935489 38007381 38209808 38305846 38466987 38531542 38531937 38672750 38757376 38818312 39143779 39201138 39261391 39294374 39308585 39350483 39365316 39389251 39440442 39488470 39498694 39576845 39593591 39605005 39628316 39636683 39651943 40017041 40092035 40211066 40232167 40290895 40315571 40324165 40364645 40378753 40390140 40470818 40490986 40511853 40536095 40585380 40670431 40691047 40747073 40750116 40862023 41006020 41038106 41041706 41071724 41343877 41430302 41504869 41656351 41673433 41752714 41812696 41828546 41940541 42096820 42113147 42143840 42184676 42288465 42360458 42395055 42421611 42504419 42589604 42598813 42602918 42802728 42931250 43127899 43141474 43189773 43202751 43428125 43471624 43493971 43532025 43595002 43674048 43697924 43763694 43818077 43918475 43976526 43992424 44039746 44080125 44125687 44221877 44226466 44259207 44382930 44440422 44514384 44525200 44644807 44647865 44769715 44806174 44823012 44857255 44866074 44897067 44965715 45026613 45028417 45051400 45082318 45144282 45170736 45514310 45524869 45533356 45712522 45765708 45874965 46130663 46170362 46254164 46281789 46366728 46394317 46417014 46453469 46459694 46495365 46525094 46533259 46755554 46761724 46851853 46898969 47100824 47121618 47287181 47322805 47345332 47363374 47413135 47455441 47537162 47542367 47578539 47593814 47612656 47742604 47775687 47803337 48011030 48036329 48094876 48153276 48223833 48241352 48271880 48275343 48326270 48369265 48399633 48490120 48515945 48616918 48650836 48658480 48886171 48961516 48999395 49108840 49278234 49301066 49349423 49376302 49381085 49402214 49414174 49523304 49757412 49892441 50126844 50149264 50199870 50236576 50296652 50306789 50372648 50374777 50549678 50655495 50907426 51090680 51234220 51474938 51482504 51564671 51576137 51585594 51646343 51675280 51878758 51887602 51939459 52007667 52010837 52081348 52089875 52167305 52276029 52338838 52373696 52388039 52406100 52439150 52505918 52527828 52561265 52585301 52625632 52631820 52654472 52663141 52711635 52798378 52868853 52894119 52942058 52982401 53006091 53060302 53134352 53151110 53158952 53169156 53189091 53388399 53408455 53502337 53554632 53651033 53697753 53709210 53970443 53990043 54041213 54077133 54229636 54338778 54524120 54547511 54785467 54935553 55086160 55155892 55239413 55342158 55482059 55505013 55528333 55538628 55768509 55866746 55954250 55974143 55996127 56007453 56031997 56258952 56300370 56370254 56469121 56498558 56662290 56762891 56824198 56976375 56999260 57089579 57468954 57492536 57505459 57730040 57752082 57770071 57793496 58168341 58281317 58289402 58319020 58472226 58489723 58520020 58537073 58692623 58904339 58952654 58991594 59009303 59044158 59053430 59097983 59108343 59146668 59147918 59304673 59336656 59358964 59414112 59497452 59498386 59510099 59589002 59640034 59734269 60001696 60039676 60073367 60073512 60094177 60435091 60650502 61052428 61164806 61201243 61260014 61352170 61459005 61510963 61565080 61628176 61649263 61746700 61786242 61910674 62039504 62200448 62252508 62390626 62399755 62406622 62528683 62537807 62547051 62723258 62755879 62791160 62877652 62932548 62996039 63030936 63037445 63094589 63231174 63294819 63325298 63329980 63453247 63542666 63582266 63674982 63790865 63807081 63834030 63920657 63999216 64139850 64242311 64280782 64333902 64376414 64548336 64695606 64840011 64855425 64862648 64868455 64910961 65010317 65027655 65162404 65271284 65302020 65312787 65430879 65430927 65450282 65478262 65514018 65591431 65623358 65631892 65665696 66003594 66012222 66017662 66143774 66208424 66219916 66249405 66274709 66294049 66335078 66361422 66515040 66584318 66595016 66627424 66757314 66762753 66774595 66801386 66877098 67084527 67086406 67087900 67184933 67245190 67302564 67401664 67407887 67476760 67572310 67693668 67722556 67737289 67776615 67814627 67838222 68022469 68136385 68148956 68160113 68218307 68221706 68233939 68301441 68445404 68501106 68532616 68626243 68627042 68696269 68716856 68782515 68883106 69007708 69018612 69029246 69095499 69147556 69199837 69204323 69216652 69240308 69242090 69243786 69330237 69385209 69462771 69481383 69497028 69549086 69768863 69772609 69800639 69930093 69934928 70013433 70086858 70087711 70126098 70141801 70142759 70151165 70231532 70295528 70669200 70671317 70755428 70941708 70983153 71046684 71061875 71099363 71117046 71163427 71216944 71219739 71227964 71237531 71309747 71314156 71440898 71442577 71561201 71648765 71696474 72035500 72102551 72103377 72144889 72163471 72176707 72245514 72383947 72444638 72542082 72652823 72655505 72690229 72725432 72753617 72794309 72859627 72889917 72918105 72952179 73035554 73036807 73160277 73225642 73294926 73319168 73362779 73422459 73526698 73529534 73711633 73833387 74016175 74033290 74034026 74050360 74077777 74164060 74259906 74281226 74303684 74328951 74335261 74537918 74587194 74590309 74688831 74951344 74961139 75101046 75201169 75213727 75223168 75257430 75287446 75320983 75606600 75624232 75664140 75721208 75738524 75865440 76008159 76032436 76232320 76413637 76460515 76492687 76521915 76543703 76564545 76572111 76776720 76790600 76842671 77076287 77188282 77198816 77233455 77247895 77262769 77304724 77305901 77403584 77549792 77751146 77844330 77878614 77893474 77915288 77980871 78008935 78093324 78137048 78182171 78201798 78251896 78288024 78364050 78393904 78479006 78546597 78551508 78555962 78562072 78600714 78640490 78648253 78750888 78761024 78803111 78900259 78929879 78940067 78940500 79009650 79025059 79104779 79230609 79310214 79398194 79421304 79429814 79512751 79586820 79618352 79630952 79641272 79648198 79664031 79694886 79750667 79776095 79868278 80017628 80021229 80101368 80152327 80164003 80182236 80263887 80487879 80505413 80569276 80627906 80756604 80805948 80852985 80970355 81001678 81082551 81090834 81186607 81221847 81299670 81376857 81501887 81568981 81569717 81588158 81693313 81723175 81759286 81767564 81819100 81839624 81852634 81870666 81927912 81949493 82064262 82070550 82084500 82111377 82135112 82148570 82164247 82190779 82263376 82403267 82466725 82503979 82649063 82706522 82914833 82931062 82966938 82983305 83059243 83095148 83137159 83166383 83175195 83191967 83208966 83327211 83375394 83450012 83451847 83545736 83552962 83561329 83617365 83677203 83681256 83696220 83719957 83735176 83822956 83928154 83950834 83976319 83993611 84165104 84179456 84272012 84355230 84381369 84429328 84615197 84679845 84700384 84785730 84836444 84860102 84885057 84896399 85112941 85163299 85269244 85341159 85347651 85406403 85431896 85602848 85615510 85700750 85757132 85919568 85990524 86054265 86093336 86172378 86349845 86375037 86445725 86565246 86599341 86607893 86614749 86641368 86764520 86934389 87048966 87390908 87468655 87560084 87640091 87659067 87970572 87996859 88002658 88122884 88144658 88388587 88595227 88657696 88680431 88706098 88760664 89103916 89160995 89303245 89317344 89324623 89352446 89394151 89435853 89507358 89568677 89573146 89580101 89664688 89777147 89945760 89949877 89984101 90020503 90075738 90103174 90207487 90247854 90330373 90612326 90614593 90640977 90824280 90900332 90981132 90992767 91035168 91116792 91284205 91313352 91407352 91426957 91450060 91497695 91655567 91721847 91744884 91786882 91900324 91936836 91972170 92047571 92077972 92128605 92215571 92290094 92425263 92436196 92437160 92518718 92525339 92573989 92592226 92684963 92696401 92749481 92814626 92872389 93108567 93447783 93482128 93570566 93611216 93649315 93804076 93893010 93914494 93935173 93938843 93967287 94008887 94044005 94145065 94162864 94289508 94303395 94323530 94410830 94650654 94702606 94706823 94751875 94756376 94795443 94810400 94863157 94880321 95155254 95311591 95434315 95463123 95636296 95676389 95678781 95702479 95813166 95849697 95922135 96042154 96109114 96189796 96346795 96354663 96388695 96392434 96479206 96537267 96551025 96556756 96577550 96625199 96640422 96644214 96706721 96866154 96898169 96933195 97038895 97085276 97090667 97145161 97213745 97244478 97300169 97322277 97426992 97456558 97506363 97634440 97634911 97705141 97722735 97819145 97841971 97897094 97921981 98099931 98102993 98138868 98267604 98283555 98287609 98302041 98349312 98367066 98392808 98421083 98570636 98640998 98647997 98688038 98818815 98843031 98961713 99033101 99179950 99280963 99290500 99322358 99347040 99562725 99626403 99650563 99797258 99826602 99887565 99907581 99940369 
Transmission2.txt ==> 1502 veces
148826 168844 351026 414633 416148 529378 561393 709474 756609 792200 935854 962381 1024894 1047015 1128214 1216357 1290403 1334906 1452404 1778074 1781427 1802812 1851938 1950404 2128966 2149210 2382862 2467265 2572558 2691664 2694789 2729399 2848640 2925597 2940132 2943145 3046808 3066013 3094429 3215750 3239053 3271676 3357076 3367473 3443309 3458375 3459555 3474205 3480089 3486615 3727552 3789856 3888701 4385551 4400082 4461716 4493566 4586638 4637608 4642079 4794709 4829620 4867691 5004995 5057153 5064778 5197924 5235245 5339353 5408772 5433306 5616118 5645306 5666694 5676723 5693817 5696043 5738943 5743695 5963971 6085012 6130720 6182112 6264781 6265328 6408590 6440036 6500771 6506974 6531680 6571954 6624728 6660007 6871231 6936835 7236154 7336422 7341436 7403492 7487345 7545494 7552888 7558015 7567166 7636180 7738269 7743036 7848965 7989695 8011350 8011409 8026257 8143726 8205276 8251376 8323712 8450602 8504239 8517048 8549709 8574427 8611710 8691587 8720797 8729926 8798880 8848015 8914274 8928515 9006280 9043242 9088241 9158627 9381963 9386716 9417759 9445459 9481095 9503308 9567470 9589120 9644364 9683275 9721066 9732110 9785784 9817907 9888620 9902512 9921742 9942239 9970364 9987344 9988993 9989790 9998262 10016484 10039839 10104354 10126219 10149510 10160183 10302332 10308535 10351881 10447279 10631892 10632746 10698178 10788756 10840433 10935744 10963698 10981133 11198746 11233025 11239050 11313959 11319840 11326721 11406986 11488065 11610826 11654270 11756639 11846612 11861182 11898205 11942004 11954497 12090788 12233826 12276729 12517177 12597029 12601582 12634498 12918808 13029328 13038644 13042061 13170590 13189368 13354266 13354883 13442185 13486323 13486795 13488848 13502904 13607212 13721019 13767184 13767504 13843366 14022719 14032803 14199230 14304445 14331114 14362015 14385686 14594109 14608597 14709310 14743449 14904409 14951605 15046252 15107883 15158766 15176401 15285912 15367838 15591674 15887011 15915445 15950586 16042421 16072015 16086284 16297076 16337818 16447923 16458003 16482444 16546206 16597121 16609275 16732160 16733976 16743877 16753688 16788612 16997471 17003149 17117785 17162135 17328042 17446677 17521554 17588593 17589486 17598402 17685741 17730292 17871928 17912410 18265232 18389075 18391215 18480344 18512788 18615951 18679635 18706066 18741765 18773315 18795859 18855583 18894789 19083627 19103160 19389101 19414833 19424804 19499350 19527839 19811025 19983170 20096393 20151628 20154974 20193226 20196985 20197319 20199956 20230665 20268706 20315421 20356657 20360383 20403385 20452548 20453193 20497507 20516569 20604170 20607975 20611808 20725463 20845226 20848592 20947052 20987693 21206244 21254681 21262515 21286569 21332194 21333354 21375843 21402408 21477708 21537784 21749797 21767214 21852004 21889729 21895989 21948392 22002504 22017685 22120344 22240638 22439289 22464181 22672310 22680859 22750612 22782139 22788971 22862387 22877395 22903120 22928965 22987975 23142807 23183674 23231163 23245539 23312006 23352734 23371743 23569367 23620899 23753172 23780646 23792329 23800203 23907759 23961692 23968992 23987718 24132264 24150840 24169278 24236542 24253387 24255617 24313827 24344537 24371990 24393776 24462896 24468557 24534191 24546122 24586637 24655631 24667695 24731010 24740518 24779136 24808010 25017490 25069803 25086475 25280362 25373960 25396600 25535914 25585324 25591919 25634383 25715887 25773353 25780427 25817493 25995234 26126612 26228646 26334736 26335365 26383627 26535293 26665933 26716491 26723775 26738125 26759278 26774218 26818282 26896484 26906842 26959071 27036302 27064777 27086592 27127706 27454440 27462423 27462483 27527619 27701799 27793247 27793791 27891328 27906594 27978046 27981190 28071839 28082277 28117173 28143054 28317623 28480273 28722788 28902361 29074628 29288304 29317483 29366238 29448104 29700104 29858775 29900083 29981636 29983582 30134764 30288691 30377289 30417716 30453874 30503133 30518520 30548010 30559466 30879498 30944229 30987336 31093933 31246492 31299257 31396562 31446294 31449658 31510119 31617118 31714535 31725018 31746211 31767530 31971911 31995608 32049470 32143571 32206743 32300592 32395187 32482780 32553201 32569375 32706992 32715328 32750336 32759877 32761881 32837345 32880843 33009013 33102536 33153871 33282541 33494758 33582171 33610016 33615035 33852652 33870718 33941219 33964343 34205603 34244907 34345383 34464559 34600295 34709284 34745530 34922892 35002061 35012468 35031013 35060318 35074482 35236075 35264071 35292894 35327195 35449493 35497266 35511329 35668761 35744950 35767136 35818003 35850011 35858787 35859924 35867825 35869640 35955222 36010561 36037625 36067395 36102119 36146432 36233799 36290212 36392628 36419418 36422478 36524717 36648576 36678745 36690692 36703688 36787200 36795921 36805666 36815804 36862222 36932990 36949520 36960497 36970101 37014522 37041320 37108010 37123977 37216245 37220213 37243474 37320297 37326753 37384064 37388476 37435899 37524221 37628732 37758944 37782744 37802834 37807891 37844881 37929838 38163654 38174319 38206822 38210440 38268010 38345435 38420370 38446429 38488241 38506016 38624658 38657802 38701074 38993460 38999153 39124256 39328520 39365115 39392670 39403221 39613473 39658134 39690476 39725467 39800852 39817490 39939386 39972894 40087205 40217861 40218400 40293823 40367089 40375653 40493985 40765970 40850211 40946188 40950580 41039425 41085479 41111693 41121733 41128541 41282598 41314560 41444844 41477803 41490085 41540070 41543003 41574101 41589576 41745136 41790014 41886789 42023799 42090286 42136396 42141446 42161764 42237263 42246800 42368913 42380458 42415581 42460997 42735154 42891206 42909327 42972470 43049593 43058828 43299012 43311726 43374924 43387255 43424211 43549197 43690088 43900904 43921628 44070992 44117646 44281513 44286148 44329772 44343065 44492964 44659797 44736616 44973937 44980520 45067969 45171957 45322772 45668809 45693612 45788141 45815285 45817257 45975652 45985563 45988206 46053682 46083080 46210434 46367785 46431565 46458124 46497533 46507111 46558471 46564050 46664058 46700407 46728168 46833959 46852205 46877233 46912331 46947154 46963581 47029021 47122851 47128222 47141451 47164076 47237842 47399305 47412297 47466658 47485682 47512218 47572884 47591552 47637714 47652535 47658862 47720739 47756411 47881571 47934817 47956669 48037747 48178863 48187362 48198189 48275459 48324917 48329876 48414484 48440133 48461566 48604115 48673754 48678585 48726278 48761102 48813677 48911684 48917761 48956247 49024364 49117890 49239157 49343675 49418492 49465263 49478225 49481102 49483112 49487028 49510334 49536644 49575166 49576148 49850068 49918557 49928551 50063865 50074237 50148805 50221693 50304757 50330023 50407721 50418379 50454874 50489650 50645734 50849412 50851185 50961162 51021781 51057291 51074598 51158995 51166158 51399294 51464842 51480794 51482975 51484170 51512253 51516272 51587784 51644388 51678799 51683614 51852681 51897976 51919645 52076278 52140392 52140561 52152067 52182070 52349288 52421170 52456111 52536190 52538309 52543737 52597221 52658877 52676479 52744365 52783278 52807359 52821034 52836713 52880825 53030333 53072046 53113141 53139841 53216594 53327903 53356658 53535821 53552408 53573210 53863789 53905092 54049538 54084888 54086780 54130284 54186435 54202581 54220879 54239572 54295889 54301434 54316719 54417659 54449905 54469593 54503196 54507804 54661725 54699067 54741341 54756923 54768309 54907480 54983166 54992557 55007023 55063953 55099202 55144040 55220697 55257294 55350530 55354476 55603349 55697583 55707440 55769551 55807384 55918151 55953291 56042153 56090732 56096810 56145520 56241451 56265877 56358830 56457780 56470893 56618963 56681038 56719298 56752717 56839752 56860433 56881144 56984880 56987883 57004105 57065634 57080711 57101816 57111930 57147046 57153725 57169310 57200155 57305209 57408724 57459684 57460615 57556208 57607566 57612894 57634018 57665524 57883657 57944864 58041613 58042174 58055440 58389356 58409871 58435211 58485280 58552770 58615727 58644368 58648409 58660348 58723891 58732643 58861076 58899514 58919034 58994264 59165396 59181469 59266469 59346233 59379124 59454335 59592346 59696894 59702847 59739261 59764448 59805317 59824788 59849320 59891862 59998484 60012635 60167935 60244654 60278549 60282552 60295837 60300504 60395182 60415945 60744734 60760443 60877666 60879027 60963468 61003323 61070735 61382072 61390418 61498322 61592578 61649153 61689161 61727140 61819025 61843516 61876240 61944834 62010075 62048734 62062059 62069858 62103614 62127196 62210209 62284854 62298170 62407734 62421544 62902855 62911410 62968806 62986414 63050471 63110706 63164440 63220394 63339714 63503496 63657342 63686271 63810593 63956985 63990845 64294858 64302527 64716407 64741853 64742783 64755329 64994114 64997123 65118126 65124689 65193140 65193513 65209424 65264247 65443403 65458798 65536541 65764608 65781944 65892947 65954986 65956191 65958292 66019471 66022842 66125457 66134400 66330026 66483921 66484740 66496609 66525709 66527287 66538244 66652628 66715456 66772548 66835650 66880708 66922635 66933219 67092404 67108192 67172926 67242082 67338154 67385809 67594319 67596425 67772342 67813638 67841019 67864319 67888578 67975196 68042013 68123916 68161459 68403955 68477346 68482228 68534192 68602154 68625353 68657581 68700958 68771719 68886605 68921837 69002978 69059247 69193163 69223681 69317403 69341070 69425826 69550685 69574792 69596274 69655002 69656086 69691646 69697880 69701594 69829381 69864922 69871308 69881571 69982665 70057174 70060331 70188708 70212765 70464343 70485032 70505836 70522567 70568076 70777427 70806571 70825995 70864127 70880773 71043041 71089966 71142704 71190783 71296989 71320212 71330505 71389448 71564086 71656213 71838996 71903030 71925713 71935598 71995120 72030810 72054853 72095574 72117816 72178550 72272739 72303286 72350417 72369927 72420127 72427230 72761425 72858982 72920056 72957576 73006560 73031134 73046470 73123742 73173025 73259778 73285509 73311283 73329016 73416855 73484639 73519327 73708602 73803673 73943169 73952090 74037178 74085913 74150379 74239712 74458849 74464864 74641107 74813927 75036062 75089083 75127744 75136534 75176128 75249606 75287631 75308930 75524137 75635028 75752827 75754033 75758807 75809693 75985953 76054213 76126849 76235335 76255356 76257089 76455353 76480595 76483908 76499491 76533414 76683554 76746355 76851924 76920554 77085833 77135572 77188100 77189013 77302710 77390763 77393852 77825066 77884908 77965584 77974203 77982662 77998088 78059024 78110997 78258370 78300094 78352601 78366972 78375526 78413510 78429235 78460866 78516538 78539117 78544247 78556124 78590559 78598810 78776317 78822873 78859937 78916088 78987993 78989438 79078832 79171746 79202261 79256847 79321247 79349155 79413319 79486433 79526447 79576846 79660067 79772406 79819822 79820516 79857104 79908077 79928658 79955005 79986237 80046869 80215930 80221502 80296003 80305675 80313126 80350847 80444458 80456640 80493183 80519707 80810780 80895979 81000137 81131503 81202011 81209993 81284703 81285536 81373640 81375839 81425006 81473515 81665877 81678254 81753197 81834226 81882417 82068013 82106488 82135672 82204280 82327536 82533358 82560027 82652049 82720728 82755272 83033461 83186266 83234229 83240814 83267056 83435161 83448368 83574323 83626754 83780845 83782347 83853316 84476501 84479912 84555101 84647395 84736987 84915233 84967533 85074255 85100154 85279231 85367389 85584842 85597806 85670625 85699743 85769963 85826922 85861694 85925694 86174570 86262420 86278118 86293240 86333399 86542620 86561347 86574600 86582711 86584743 86608245 86709695 86727222 86780083 86787528 86798343 86811917 86860898 86884152 86919620 86933268 86988500 87033495 87158165 87175168 87197986 87279921 87430281 87506361 87523647 87546144 87709199 87724576 87802286 87897105 87929961 87939999 87967833 88128380 88146874 88147177 88256426 88299248 88309848 88335022 88495595 88586181 88725733 88803196 88835088 88905822 88915825 88937509 89016292 89039109 89126040 89235613 89290642 89293690 89338100 89344332 89366222 89397577 89430852 89479974 89482586 89486810 89576040 89604763 89929677 90130923 90141640 90147419 90179288 90240391 90268199 90352718 90394574 90470438 90582917 90645406 90712474 90875262 90961265 91041035 91092303 91158934 91341411 91413796 91476550 91513945 91747493 91856886 91906441 92049310 92159961 92273118 92332301 92637034 92725109 92726480 92966326 92977822 92996080 93060497 93064391 93083722 93109931 93246023 93470530 93477772 93568051 93615750 93616753 93642544 93712163 93811478 94060645 94282884 94613979 94636049 94660975 94749960 94753237 94780495 94865363 94941620 95039900 95058920 95075378 95140273 95284025 95287711 95335556 95469877 95524813 95541035 95759678 95888269 95955703 95966876 95978375 96026825 96047901 96082637 96121865 96147438 96192393 96244140 96257120 96312320 96316412 96370075 96450067 96509994 96561980 96590972 96608102 96633968 96706479 96707036 96759688 96872070 96989278 97106523 97159619 97235639 97253417 97270654 97384236 97408242 97554346 97557605 97713949 97821212 97823572 98075672 98103204 98208919 98225008 98307591 98332657 98365712 98372213 98538921 98540975 98734941 98750379 98818663 98989928 99036173 99091222 99107521 99207950 99218709 99254155 99268488 99272732 99529634 99609097 99634050 99674665 99683769 99705739 99718101 99763411 99855201 99953491 
Transmission3.txt ==> 1496 veces
22964 67987 146948 211545 255276 394876 436622 456634 520611 627019 632340 652208 656317 668274 674839 734761 758217 795823 912151 987533 1243636 1334684 1336893 1357563 1414238 1520279 1557647 1575913 1582241 1771480 1812687 1820186 1874727 1885536 1888606 1926753 1944913 1972925 2090414 2147377 2163442 2200052 2277550 2301206 2503118 2534847 2595170 2645918 2790614 2816092 2909603 3046443 3051704 3627982 3706600 3715526 3738333 3753251 3807832 3878817 3931045 4097732 4160627 4320856 4364396 4401855 4410278 4413847 4496246 4715490 4728320 4754492 4797471 4932043 4989571 4993055 5005242 5033421 5038147 5040782 5084005 5212456 5316008 5334231 5358977 5482163 5494442 5494740 5523240 5679837 5776160 5815630 5911815 6004407 6242611 6277277 6300776 6368495 6558047 6610816 6626848 6705182 6791476 6821235 6851058 6902121 6958911 6979045 7076873 7083056 7231729 7259976 7467241 7527235 7575448 7585117 7928687 7933503 7978316 8107436 8272329 8327610 8333182 8437381 8450813 8626357 8720737 8724700 8760791 8761101 8765623 8824439 8834905 8894467 8900383 9155812 9296727 9346601 9375107 9444842 9496893 9526143 9565029 9623665 9635482 9682279 9706158 9717152 9756246 9785137 9921688 9922971 9923737 9953084 10005165 10118497 10141852 10205625 10224827 10246982 10304256 10348591 10402974 10498705 10573588 10655116 10665749 10766989 10853375 11289375 11292851 11351502 11430048 11452006 11470445 11497416 11557912 11737965 11765986 11825704 11933978 12028508 12087061 12168790 12183840 12209900 12285317 12303253 12436003 12482777 12501401 12513661 12549318 12614459 12619710 12806655 12908442 12957848 12977318 12977482 12987948 12994857 12995269 13083765 13189249 13262603 13273082 13362886 13369847 13398946 13468262 13473396 13642465 13675872 13762259 13907926 13968447 14009328 14060846 14095388 14120955 14137821 14147252 14410534 14433502 14519518 14600757 14613538 14835334 14837348 14887121 14900169 14905441 15006748 15089450 15139711 15151366 15243227 15264329 15287220 15538044 15725569 15741576 15822531 15935077 15974037 16002088 16021464 16052394 16173326 16490917 16517349 16571648 16607444 16627324 16750326 16773905 16808354 16831946 16831994 16838615 17108409 17237621 17240293 17560125 17589394 17629200 17689033 17728149 17811484 17846941 17902654 17914582 18012197 18072267 18228875 18258155 18313147 18461170 18527837 18532823 18561159 18714627 18716856 18727330 18870094 18884803 19040393 19068588 19255840 19353266 19357194 19357761 19404245 19445871 19578446 19633088 19721942 19992059 20024252 20148272 20259732 20285267 20439641 20454359 20480477 20500964 20680900 20756433 20819119 20825636 20902948 20905972 20952479 21073895 21330378 21383493 21530790 21551398 21658628 21703593 21719313 21758837 21896578 21929403 22061239 22081349 22107656 22108755 22156321 22227239 22245540 22263087 22298922 22362317 22456286 22505943 22619417 22626187 22661309 22717637 22791802 22844476 22871537 22949281 22981680 23080346 23086199 23152590 23165414 23365596 23405650 23598893 23623145 23636855 23655291 23741400 23784208 23827530 23880413 24098172 24208862 24211974 24261149 24267612 24303340 24308641 24321821 24363905 24414840 24466863 24572023 24595752 24602240 24692031 24693735 24721807 24803286 24967400 25005772 25121437 25160705 25227915 25254860 25369984 25370342 25413534 25435907 25570559 25603152 25625729 25673399 25736427 25796376 25840492 25885410 25941963 25951495 26036195 26037283 26161584 26198732 26234466 26286780 26354726 26601846 26635463 26638168 26686233 26690712 26716974 26721220 26731985 26751200 26783361 26823933 26947375 26948814 27072059 27075797 27167843 27233681 27366193 27388410 27391767 27516115 27600118 27610160 27685851 27697631 27801460 27932935 28031686 28088207 28115237 28234773 28626381 28809709 28891006 28999843 29012618 29192108 29318908 29337491 29357896 29385098 29399490 29426952 29539120 29589647 29786243 29896654 29960128 30017602 30035524 30122800 30345669 30395722 30398562 30485841 30496179 30513558 30623686 30664631 30744581 30756215 30806503 30826168 30957313 30960757 30961592 31017420 31038455 31189755 31307439 31315251 31325177 31398880 31425475 31483559 31512014 31542666 31626858 31787079 31890611 31891208 31993510 32114359 32125410 32148848 32340105 32395505 32516757 32675630 32705338 32708895 32748782 32838627 32849321 32884652 32952677 32988515 33063881 33324434 33373796 33377776 33436360 33525151 33715515 33783875 34255056 34293006 34305725 34330781 34332197 34364076 34364796 34397554 34404241 34449552 34459059 34525251 34570570 34572863 34637891 34939242 34954188 35244669 35265070 35307716 35381958 35387161 35397622 35495435 35528761 35563168 35636886 35688138 35738813 35831885 35891311 35892456 36126422 36135477 36400299 36503067 36512102 36512577 36547559 36548955 36596743 36653926 36745893 36834316 36901232 36942859 37010563 37035430 37106095 37284131 37286437 37308347 37413571 37446760 37700277 37792235 37850703 37851837 37894025 37920248 37947576 37991805 38004448 38013605 38027408 38087195 38101711 38105557 38179848 38183614 38302868 38318123 38337274 38353883 38501822 38502210 38506257 38536273 38619630 38641559 38810528 38967845 39070950 39117839 39120968 39134550 39383753 39557177 39572027 39672109 39726948 39774451 39865254 39925450 39979077 40186024 40197547 40251659 40294734 40424750 40433321 40439602 40462680 40473702 40524648 40575045 40583210 40635509 40712308 40716114 40723314 40769549 40869768 40884322 40964190 41106762 41115455 41195242 41205484 41254768 41373139 41618009 41665186 41788566 41850569 41969761 41980561 42023758 42033187 42107238 42248112 42274972 42295384 42295616 42342246 42477501 42510828 42565066 42677770 42835447 42837010 42986543 43150141 43237877 43259000 43264522 43357338 43396963 43607642 43611771 43629685 43669800 43712233 43746980 43788563 43811185 43921034 43942356 44005256 44206835 44262957 44303448 44320770 44440618 44456277 44544158 44636087 44666078 44667952 44678258 44755423 44901264 44999888 45140771 45185177 45208579 45244698 45259903 45364604 45374790 45456470 45572995 45629585 45675129 45691889 46014529 46017228 46333629 46392869 46436676 46697173 46708563 46754281 46900284 46901093 47004479 47065414 47187403 47239446 47299897 47314586 47321448 47367643 47405144 47413848 47637581 47637720 47661219 47680746 47706026 47709232 47743895 47809803 47864662 48015300 48090215 48142429 48250126 48274316 48300591 48443361 48461347 48611985 48874707 49150359 49334847 49338690 49340375 49386909 49448373 49463248 49470648 49477594 49583791 49965882 50102594 50128967 50317689 50321501 50403891 50523383 50747825 50903289 51007932 51288302 51355086 51412753 51508228 51548778 51552041 51634062 51655225 51657433 51697115 51809586 51863998 52065215 52130056 52173798 52175447 52257125 52293695 52427616 52472954 52546304 52550743 52584373 52596514 52662992 52784298 52812680 52877829 52992703 53092709 53106553 53139312 53321993 53361230 53388937 53389308 53451194 53552491 53574971 53615578 53667279 53750604 53768755 53861004 53881081 54007243 54019113 54136916 54160219 54175973 54378230 54428590 54433619 54625063 54652860 54664464 54701834 54757668 54792151 54858363 54864647 54939102 54958451 55220177 55230375 55277118 55325344 55337603 55352504 55358975 55382009 55382851 55432360 55652586 55751412 55774677 55804834 55805616 55901234 55970263 56095208 56135877 56276104 56397375 56603066 56640033 56678950 56698889 56756692 56852735 56908960 57103685 57111054 57294317 57504855 57534181 57672905 57677935 57712433 57885991 57966404 57986386 58169296 58262806 58270628 58340303 58343956 58448117 58465045 58492342 58507109 58593903 58683658 58716384 58872878 58917567 58943615 58959180 59187425 59259833 59269363 59316394 59335565 59347911 59538425 59541967 59543794 59624083 59630795 59636562 59650559 59656689 59674677 59691833 59692383 59716747 59716775 59751990 59794804 59871940 59882806 59992923 60033553 60040510 60045857 60078191 60106181 60172575 60176861 60376195 60517329 60538672 60584770 60903303 60909863 60920375 61037611 61064118 61178714 61218114 61218501 61231139 61250853 61429100 61475529 61485844 61555604 61612103 61627458 61675657 61688662 61695362 61741240 61754698 61818519 62169226 62258879 62305617 62305715 62325359 62336286 62355225 62355652 62404353 62406584 62431840 62433460 62613988 62619110 62640537 62727275 62840043 62978143 63042662 63110275 63161996 63212558 63407392 63492920 63539352 63568719 63606608 63652053 63694761 63757490 63842624 63891312 64039462 64080641 64229054 64244424 64279511 64376501 64417953 64436099 64549140 64650241 64653410 64673763 64894612 64905640 64925153 64958503 65076907 65166929 65178212 65312732 65326122 65382640 65388543 65409478 65421657 65482291 65568718 65649052 65750163 65843661 65890276 65912575 65926508 65960212 65964236 66097730 66114495 66116420 66379916 66632740 66660820 66699387 66734616 66796090 66830380 66889343 66966145 66991928 67063373 67070883 67084799 67179928 67299781 67469449 67487259 67531832 67600564 67654904 67679766 67701322 67779110 67785011 67787045 67813251 67826278 67851248 68019081 68043561 68071592 68090816 68099856 68206493 68281851 68308435 68413146 68455198 68607080 68615521 68618100 68701609 68728303 68889745 68892476 68952641 68984631 69262703 69324946 69339407 69447429 69668432 69847687 69915930 69921579 69945137 70038069 70099209 70140117 70268887 70280870 70286852 70299753 70435895 70488885 70756671 71228630 71312627 71372350 71385198 71457689 71506287 71532168 71702549 71733226 71768650 71897481 71903580 71912502 71943328 71951918 71954518 72018921 72178865 72274115 72377925 72482531 72550927 72552259 72620399 72630678 72632542 72700468 72759491 72778616 72801795 72813981 72876356 72924307 72974370 73006902 73070119 73113912 73163041 73222159 73355213 73369489 73394053 73406819 73423225 73458581 73462940 73488400 73504492 73627994 73644982 73683250 73798139 73852016 73855663 73888483 73890171 73912589 73966223 73984856 74127794 74190918 74220169 74264276 74370929 74545398 74593623 74612459 74689287 74766741 74868564 74990932 75013227 75099973 75132320 75191697 75206237 75405814 75596708 75757607 75889006 75914084 76007616 76020748 76061386 76065958 76096710 76504492 76505606 76548659 76599160 76614358 76637356 76701771 76735613 76744463 76847066 76875123 76878229 76890301 77048047 77102528 77120862 77132171 77160195 77212465 77291685 77465362 77600242 77838050 77919338 77960271 78015677 78018797 78050648 78122216 78280965 78291970 78344432 78492716 78509091 78596934 78608946 78727549 78844496 78860908 78905596 78907097 79002231 79066729 79148099 79285246 79340927 79406950 79433461 79480556 79521718 79527289 79577201 79777300 79983077 80051804 80073019 80102580 80198438 80255189 80388900 80433058 80455755 80467519 80471946 80585244 80793955 80810667 80884246 81022638 81119014 81174963 81293317 81331209 81362859 81410180 81413688 81478792 81487671 81492127 81493568 81525389 81529161 81633374 81693822 81966605 81985648 82016336 82035339 82084208 82129339 82186554 82222635 82257699 82259756 82265948 82329528 82362598 82468398 82494247 82593301 82639665 82679305 82773512 82813078 82859127 83001787 83010382 83041296 83074000 83166236 83171852 83211040 83259442 83269956 83295248 83332080 83409661 83707330 83788451 83789965 83865979 83914866 84065698 84175368 84221237 84274310 84302430 84412782 84490532 84606983 84622327 84727175 84761659 84768400 84798703 84904488 84977165 84982792 85001388 85024378 85085816 85177779 85244764 85254061 85282228 85313022 85449510 85538925 85612366 85731261 85785712 85821618 85989594 86137752 86154260 86254545 86280721 86377954 86420077 86441742 86579576 86750280 86790772 86840057 86966203 86989076 87074034 87075764 87142894 87238334 87242628 87272581 87287729 87309460 87388178 87432840 87510921 87639443 87714907 87803758 87906184 87929598 87960140 87974604 88049148 88078276 88114271 88494331 88551750 88651760 88666613 88728530 88749555 88923310 88977969 89065655 89134095 89317860 89324102 89487809 89648202 89797037 89824494 89933472 89940657 89970482 89974466 90031935 90200328 90264380 90548203 90563740 90624212 90672875 90704957 90750793 90765579 90773707 90823960 90830736 90883451 90925424 91018114 91085535 91243614 91400079 91413202 91527484 91819285 91855543 91899712 91934500 91966506 91973982 92034120 92085872 92288912 92660970 92721381 92787238 92800413 92806455 92820152 92843869 92897921 93036955 93046679 93062904 93333346 93402258 93469655 93473241 93499279 93586605 93608303 93676398 93772533 93859584 93869932 93922393 94100846 94106197 94173295 94204639 94218897 94259173 94279998 94336784 94389332 94451172 94531712 94570624 94612248 94626305 94702667 94763789 94769589 94837313 95016466 95245783 95365079 95516993 95632984 95673197 95769639 95903340 95921903 95983263 96024168 96058833 96366380 96382539 96434640 96440552 96451611 96531426 96532176 96556999 96612117 96628453 96647948 96665575 96697139 96760688 96882138 96952440 97020216 97073101 97285748 97348365 97521108 97849722 97904737 97998312 98067628 98088308 98218361 98297575 98308021 98336108 98341425 98359271 98422140 98474254 98523845 98529010 98562824 98598881 98681138 98777172 98817591 98827209 98887574 98903143 98950083 98959845 99252660 99381761 99472540 99532974 99708384 99748857 99848788 99868449 99942672 
--------------
Código : 1C339
Transmission1.txt ==> 98 veces
214414 2525019 2712865 3313572 4428176 4700174 5683622 6777197 6955979 7950910 7997980 9719275 11265099 12101937 12619114 12739166 13764033 14610342 14748649 16062689 16135702 18627286 19562688 22485036 22656648 23806251 24478598 26891642 28015001 28819501 30033830 31259965 31502472 32516219 33367755 33586217 34085778 35017854 35187388 35518468 37822164 38418733 40127092 40254648 40527413 46632737 47179085 49977470 51108415 52912972 53465772 53530552 54974873 55076691 55764171 57652282 57854853 58240272 58478881 59001545 59135351 61372662 62483491 64344304 66746718 67017072 67268742 67280496 72831027 73476081 73883827 75813874 75841864 75892964 76464737 76732431 76934396 77442258 80750997 81329981 81397476 84327125 84969075 85164756 86090602 87111300 87249522 87330385 91796570 94303891 94474019 94731406 95565933 95572692 96015760 96958934 97917040 97986121 
Transmission2.txt ==> 106 veces
648813 2065931 2217827 3598750 4025717 6022155 7218507 7886153 8022203 8037444 8093312 8375973 9428476 9443309 10112708 10379007 10454570 10827111 12750914 13148707 14740417 15640518 17798124 18559469 18643600 21461328 22766233 22912640 25169912 25453554 27196410 29167792 29404848 31374290 31636330 33384023 34960878 35694015 35981790 36155558 37169478 40425461 42544596 44746305 45270221 46004167 46213621 48351096 49219753 49901720 49913809 50604339 50717403 51613787 51716168 52852016 53429843 53637564 54395559 55314679 55901203 58268436 58503251 60420076 60529929 60555171 62802517 63466809 67608429 68133669 68921172 69527605 70933415 71280359 73802732 75045189 75286589 76888989 77749297 78021491 78304419 78740139 79308785 79342084 79402735 79516666 79739573 79954239 81011054 81508748 81718262 81940080 83252677 83464244 83953978 86914739 88144275 88580974 89093152 90785588 90983116 92598921 92920474 93913702 96771705 98252057 
Transmission3.txt ==> 114 veces
495423 855753 1834318 2424269 2948085 2965376 5666274 5969509 9098947 9717113 9855872 10218234 12534408 12610806 12873710 13048840 13109953 13346705 14057308 15150581 15205030 15839905 16576806 17850603 19611381 20165176 20218237 20577171 20666159 23538644 25321884 25891696 25956800 26604788 27685891 27740491 29295694 29577163 30355138 31831927 33730956 34060595 34200883 34645294 35712216 35787312 36761020 37594745 37977625 38395018 38898788 39034020 39709075 39902776 40799942 43308490 45900976 48514371 51075305 51719449 56523015 56923050 57293774 57848998 57863990 59634203 61457607 61651542 62092420 63772470 64076091 64350408 65017264 66542075 66570992 66938077 67067401 67191064 68151335 69069241 71018623 71170215 72577134 73692136 74316436 74921027 76651475 77123311 77201012 79017231 79661043 80208413 80657757 84754639 85202887 86630273 88180167 88964175 89553738 89858992 90603825 91364965 91458231 91760618 92249157 92418108 93253027 94093900 94628190 96625893 96792399 96840378 97009360 99674433 
--------------
Código : FEDE4
Transmission1.txt ==> 89 veces
2694174 3348405 5232770 5365729 5395753 5660208 5736343 7415443 8259900 8561637 8996748 9031977 9289266 10866980 12181676 12219020 12964149 13091234 17297417 20237962 22043136 23150680 24338861 25127015 25136527 25445759 26701794 27434282 28330927 29794116 32272054 32752581 33264282 34289410 35672588 41322463 41508080 42438436 43498076 43868358 45136526 45430943 46331821 47987779 48078972 48497613 49158855 49550495 49885764 49923106 50478872 52099858 52265094 52495719 53221082 55378761 55540989 55821836 56069264 56944012 63290948 63328302 63507897 64096282 64969732 65786070 67780351 67969923 68420128 68485580 70494567 70915263 74595849 76711868 81335048 81650231 82372036 82969327 84811441 85466395 88236812 92756361 93166155 93294709 93833255 94594264 95485174 99063531 99395927 
Transmission2.txt ==> 88 veces
520433 969820 2537085 3173401 3384719 3959896 3964541 4836006 9187061 9522868 10159827 10660564 11943048 13654068 19741881 20562781 21385565 21647272 25059587 26477683 27462553 27590734 27833801 27924026 27969057 28156092 28208049 30571012 31103490 31612796 31795130 32129512 32760167 32763478 33108491 34502668 35147618 37480137 38356253 41642065 42831361 43037269 43045199 43689017 44368476 44430910 47654796 50812159 53422772 54060212 54157123 54458436 54604619 58081460 58171803 60655502 60779000 65487914 66486201 69580944 73420203 73425060 73543275 74073912 77064022 80941089 82073887 82469933 83012003 83864672 84325394 84946205 85439416 86935344 87097364 88402380 89496894 90382722 90391702 91072052 93497143 94755836 95605584 96331433 96583963 98347145 98727692 99358933 
Transmission3.txt ==> 107 veces
103691 1409445 3913149 8050956 8146683 9601916 9688001 11375433 12598796 13318398 14643951 14778956 14933738 15189085 16167916 16746171 16837845 17472186 18522978 19108188 20937832 21140550 21721560 22092433 22286302 22465849 22666841 23638013 25290950 27117062 28581661 29424424 31009876 31062374 31316363 34052324 34567776 34657271 34707584 36907963 37719806 37993121 38061871 38238027 40843939 41273558 42669266 43489647 44373402 45345514 47118847 47280722 47342303 47673453 48487393 49977534 50070832 51009715 51239350 51577755 52173311 52912490 54564563 56048182 56507764 58272933 59956131 60617253 61417258 62493605 62820706 65458402 65775001 65787229 68924988 69283791 69446176 69450991 69470981 71805874 72697817 73182169 74680422 76949973 77108141 78643108 78768518 79634979 81482776 81818396 82966103 84797852 85652476 86514184 86663788 87201429 87271129 87566206 87948262 88443874 88871733 89327325 91576600 91677955 93243242 97644806 98076548 
--------------
Código : EEE704
Transmission1.txt ==> 7 veces
34974913 49095427 61594746 78614548 89652928 95783563 98675890 
Transmission2.txt ==> 7 veces
2685818 23332327 28991205 37053017 43078144 61057028 81438232 
Transmission3.txt ==> 4 veces
13516936 30881697 52171546 96776474 
--------------
Código : 323FC
Transmission1.txt ==> 106 veces
1081096 1349540 1874014 3618307 5805013 6924353 7490265 7940483 8382656 8469472 8478179 9242191 10370050 11861253 12369392 12415650 13279230 14920797 16061617 16941181 17141045 19592735 19941224 20582197 20973268 22611434 22756732 25074762 25371808 26883182 27476431 29019530 31737711 31797516 32222166 33429674 35470949 35972374 36057472 36736324 37086136 37487941 39015930 39449123 40261091 41731460 42168887 42848991 43524588 44140309 44260365 44886288 45391875 46681324 47146292 50910084 52548423 53259528 53599808 53908764 55396778 55824483 56188100 56198524 59076314 59333809 59526105 59727219 60011959 61754589 64631439 66448137 68670175 69303250 69320858 72718933 75321206 75616799 75926179 78246731 78456104 79684213 79840548 80148576 80344878 81064921 82187638 82507053 83177902 83687924 86445198 87185214 87382720 88009200 88377859 88960923 89695058 90733120 91227479 94391026 94507244 95191750 95945951 96147416 97919307 98902158 
Transmission2.txt ==> 72 veces
981675 3600474 3991030 5598917 8427116 8564300 10882655 12131286 12503981 12772254 13743733 18546194 20038456 20426914 21212711 22241065 23081027 23510307 24817874 27206349 28146640 29324418 30530609 31050954 31544169 35449734 35521593 35718990 36262179 36308915 38006821 39188432 39839683 40746319 42571701 46119769 46641423 48998529 50204871 50820567 53215025 55135431 55463275 55768046 58805488 58822416 60486187 62168331 64262064 65716625 66731902 72534878 73756458 78723141 79918488 81617066 82738526 84498692 84567241 86120545 87755975 88872840 89966692 92293860 92741513 93601851 94471665 94587953 95255628 95518708 97900141 99872117 
Transmission3.txt ==> 88 veces
1965195 3039044 3726157 4609979 4735010 6544670 7834785 8367509 11373142 12374649 13104908 13388624 13404700 13753171 13768663 14305818 14869058 16095699 16587093 16710858 17699141 18917942 20946674 21133731 22108852 23630847 28085067 30044756 30294293 30510336 31571588 31657676 32212101 34509100 34562505 35945316 36235793 39393707 39481114 39559585 39805486 39847890 40204759 43488661 49370301 50875688 52806432 53681482 53877837 54708196 54750367 57087961 57729879 58329323 59891070 60919432 62633608 66891104 68620269 69323476 70698565 72549671 73052409 73929724 74415508 77528887 78003809 79257749 80362261 82677304 83667841 85708353 85775353 86568674 87032904 87498041 88453563 88863447 89455941 90593356 93237265 93363384 94473088 94667513 96623990 96723368 98662469 99137301 
--------------
Código : 70C7AC
Transmission1.txt ==> 1 veces
76993698 
Transmission2.txt ==> 9 veces
109000 5696059 10352337 18706407 45770147 59329468 82881960 90589325 93597904 
Transmission3.txt ==> 6 veces
22153397 42053668 51009729 55598805 68453546 80114177 
--------------
Código : 74911B
Transmission1.txt ==> 4 veces
50272057 59886313 71543408 88625777 
Transmission2.txt ==> 4 veces
44793784 78450929 86010644 86922250 
Transmission3.txt ==> 13 veces
7447746 34078266 44538327 45932379 50066310 56826244 68654299 80058037 85930428 88769954 90561486 91061328 95424728 
--------------
Código : 74911B
Transmission1.txt ==> 4 veces
50272057 59886313 71543408 88625777 
Transmission2.txt ==> 4 veces
44793784 78450929 86010644 86922250 
Transmission3.txt ==> 13 veces
7447746 34078266 44538327 45932379 50066310 56826244 68654299 80058037 85930428 88769954 90561486 91061328 95424728 
--------------
==============
